    94.25426
    56.29005
   101.95973
    47.76795
    60.95277
    46.55000
    57.57963
   118.44794
    51.84839
    66.71822
    70.64643
    52.19054
    59.09088
   137.20329
    56.10704
    72.50944
    81.59887
    58.27162
    81.32137
    60.84575
   158.54998
    60.64509
   228.63292
    76.78147
    93.78649
    64.79482
    88.13330
    62.87939
   182.30874
    65.52357
   216.97252
    79.68010
   107.33374
    71.76356
    92.61341
    65.24191
   208.09962
    70.81024
   202.90260
    81.63463
   122.27045
    79.18856
    95.16105
    67.99506
   235.31897
    76.58606
   188.31441
    82.69721
   138.86471
    87.09623
    96.25607
    71.20479
   262.56427
    82.96085
   174.48134
    83.17632
   157.01859
    95.51189
    96.32637
    74.95108
    90.05948
   161.79836
    83.25646
   176.81697
   104.52258
    95.71113
    79.31159
    98.05374
   150.57806
    83.17571
   198.23078
   113.58952
    94.71357
    84.37382
   107.19090
   140.94504
    83.02851
   221.28275
   124.41686
    93.56940
    90.24572
   117.00030
   132.80395
    82.96683
   135.46666
    92.46079
    97.05900
   129.81987
   126.12374
    83.10850
   147.37440
    91.53273
   162.46299
   104.95488
   143.78659
   121.05065
    83.55405
   160.16614
    90.89964
   161.29023
   114.06310
   159.98767
   117.54037
    84.33789
   174.16341
    90.65785
   158.82118
   124.52925
   178.49353
   115.38421
    85.69170
   189.28578
    90.88702
   155.54512
   136.47963
   199.47140
   114.39434
    87.57485
   205.68833
    91.65440
   151.85169
   149.95318
   223.05708
   114.45717
    90.14401
   223.34666
    93.03029
   148.03656
   164.96346
   216.77916
   249.53369
   115.51608
    93.50148
   242.36487
    95.11142
   144.27817
   181.32449
   205.89288
   279.97284
   117.54215
    97.79755
   262.59375
    98.00398
   140.69254
   198.67922
   195.81147
   120.54202
   103.22722
   283.30192
   101.82213
   137.34548
   216.24327
   186.95497
   124.52357
   110.03688
   304.00031
   106.72334
   134.28987
   233.63704
   179.46456
   129.52081
   118.60082
   216.11891
   112.90502
   131.54834
   249.30230
   173.05500
   135.57920
   129.46445
   304.80724
   207.16856
   120.63762
   129.13607
   167.79381
   142.72379
   142.90976
   287.76652
   199.32571
   130.36400
   127.06256
   163.27916
   368.53211
   150.96795
   158.99903
   271.22292
   192.25431
   142.62927
   125.33704
   159.45844
   342.01719
   160.32105
   178.10451
   256.18828
   186.00024
   157.64506
   123.94009
   156.22826
   316.99545
   170.72492
   201.04604
   242.51206
   180.46685
   175.41593
   122.95018
   153.49982
   293.43328
   181.99335
   228.46428
   230.57069
   175.56357
   196.51280
   122.37084
   151.16566
   271.99654
   194.11796
   261.10791
   220.43896
   240.43677
   171.18721
   221.74148
   122.23164
   149.15464
   252.40359
   206.31556
   299.58886
   211.96405
   231.57915
   167.25045
   251.13644
   122.55876
   147.39821
   234.80999
   217.65390
   344.37072
   205.32888
   223.12938
   163.67046
   286.82723
   123.37610
   145.83591
   219.47587
   227.15167
   395.81448
   200.10010
   215.21735
   160.37324
   327.46532
   124.71676
   144.41262
   206.05976
   232.33819
   196.25062
   207.81083
   157.29708
   374.21558
   126.61419
   143.08438
   194.49848
   193.65706
   200.83387
   154.38335
   427.23186
   129.08746
   273.78530
   141.82131
   184.70295
   192.20606
   194.21523
   151.59409
   132.14515
   253.71442
   140.59381
   176.62001
   191.79644
   187.87205
   148.85543
   135.81023
   235.93308
   241.45819
   139.38786
   170.06967
   192.40407
   181.72120
   146.16067
   140.12384
   220.12629
   243.39419
   138.20960
   164.73581
   194.00197
   175.68961
   143.49160
   145.16407
   206.43921
   246.45158
   137.06685
   160.50708
   196.49737
   169.72781
   140.83497
   274.05837
   151.08162
   194.50151
   250.68829
   135.96829
   157.30384
   319.78618
   199.85477
   163.79853
   138.19033
   254.61985
   158.14919
   184.14457
   256.20898
   134.90967
   155.03865
   284.41098
   203.64413
   157.90440
   135.56390
   237.01054
   166.53518
   174.91260
   262.95089
   133.87604
   153.65018
   253.70454
   207.35097
   151.98032
   132.96129
   221.34700
   176.13532
   166.47216
   270.65906
   132.83138
   153.09189
   227.01861
   210.29747
   146.07161
   130.37885
   207.40940
   186.97920
   158.70347
   279.08263
   131.74499
   153.35009
   204.17851
   210.91609
   140.20559
   127.81425
   194.71712
   199.32819
   151.44855
   287.92762
   130.62095
   154.41024
   184.10568
   134.41822
   125.25221
   183.01995
   213.31259
   144.56236
   297.09693
   129.47631
   156.20193
   253.07887
   166.53964
   128.74687
   122.70131
   172.20700
   229.23734
   137.96185
   306.24680
   128.31451
   158.76603
   236.52158
   151.07451
   123.23452
   120.17004
   162.03086
   247.96365
   131.62746
   127.19541
   161.98892
   219.36573
   137.50316
   117.92754
   117.71740
   152.38008
   270.72384
   125.53941
   126.21704
   165.73824
   202.83080
   126.01219
   208.08709
   112.84676
   115.39967
   143.20742
   300.40127
   119.66770
   125.50542
   169.77876
   187.54438
   116.48661
   193.06323
   108.06254
   113.30776
   134.49647
   343.43050
   114.04570
   125.24403
   173.72983
   173.76389
   108.48891
   180.49834
   103.57641
   111.56202
   126.27821
   108.71340
   125.65490
   176.69956
   161.59530
   101.67845
   169.95687
    99.48125
   110.30921
   118.52615
   103.71941
   134.03119
   127.10345
   176.97753
   151.01554
    95.87513
   161.05493
    95.84170
   109.73355
   111.23999
    99.04381
   119.73193
   130.15704
   172.73039
   142.04366
    90.96907
   153.34626
    92.71169
   110.10259
   104.47708
    94.71487
   107.79007
   135.17301
   134.50659
    86.81784
   146.66831
    90.22033
   111.83742
    98.19150
    90.79139
    97.89842
   141.65497
   128.35488
    83.32758
   141.07623
    88.44763
   115.43676
    92.46136
    87.16844
    89.70751
   149.44769
   123.54374
    80.36209
   136.87489
    87.43249
   120.71318
    87.25855
   188.38678
    83.77762
    82.84914
   160.30175
   120.08472
    77.80443
   133.63266
    87.27623
   127.97499
    82.37526
   163.66424
   212.11073
    81.10838
    77.09287
   117.95441
    76.02691
   131.04582
    88.78556
   137.38597
    78.37060
   142.06879
   183.11169
    78.91124
    72.42487
   117.61145
    74.77094
   128.71738
    92.18373
   149.90203
    74.97269
   125.00053
   159.25965
    77.08184
    68.50275
   119.34123
    73.89139
   126.24360
    97.73406
   166.51608
    72.02236
   110.34097
   139.08445
    75.62509
    65.16580
   123.05777
    73.39593
   122.83096
   105.01357
   188.71036
    69.49506
    98.07813
   121.66624
    74.53584
    62.31824
   128.76731
    73.22032
   113.65848
   219.44179
    67.35353
    87.87390
   106.78562
    73.80561
    59.86321
   223.28668
   136.19085
    73.31979
   124.39401
   265.18191
    65.56987
    79.38237
    93.88845
    73.42532
    57.73282
   186.71756
   145.47814
    73.64544
   138.25849
    64.12142
    72.30998
    82.09066
    73.39109
    55.87526
   157.66061
   156.85758
    74.14201
   156.14123
    62.96692
    66.36067
    71.68069
    73.73105
    54.24492
   133.79216
   170.45439
    74.75041
   179.60346
    62.09713
    61.37241
    63.32174
    74.51344
    52.79693
   113.74102
   186.91317
    75.40691
   145.48597
   212.04915
    61.49388
    57.14784
    56.71987
    75.84127
    51.49749
    96.94060
   207.56289
    76.01910
   127.28792
   260.68645
    61.17585
    53.54601
    51.38019
    77.86900
    50.32085
    83.09116
    76.56484
   111.02730
    61.17730
    50.46101
    46.95311
    80.85144
    49.24958
    71.19550
    76.93383
    96.61584
    61.58804
    47.81496
    43.22443
    84.92558
    48.27676
    60.28695
    77.12463
    83.93952
    62.50053
    45.56015
    40.07770
    89.93250
    47.40511
    50.89588
    77.11682
    72.83107
    64.17216
    43.67421
    37.43666
    95.77617
    46.64389
    43.72540
    63.14712
    66.86194
    42.17231
    35.22957
   103.07452
    46.00002
    38.35549
    54.74104
    93.34953
    70.48189
    41.13054
    33.40538
   112.83028
    45.53418
    34.10037
    92.08613
    47.49316
    76.25759
    74.72583
    40.74706
    31.92949
   126.59400
    45.28593
    30.64751
    76.90720
    41.28598
    63.06943
    79.96281
    41.49840
    30.77690
    45.31665
   118.05928
    27.80968
    64.10797
    36.00436
    52.61565
    86.98196
    43.87954
    29.92992
    45.70895
    92.32495
    25.47952
    53.44022
    31.53997
    43.24159
    46.87327
    29.38228
    46.55518
    73.80274
    23.57415
    44.65917
    27.79829
    35.07004
    49.50942
    29.14014
    47.96421
    60.10951
    22.02890
    37.50669
    24.69360
    29.24927
    52.85058
    29.22083
    50.02986
    49.83442
    20.80712
    31.73948
    22.15357
    25.16456
    57.70121
    29.64001
    41.89969
    19.87071
    27.12214
    20.10168
    22.15423
    64.19025
    30.43146
    35.33940
    19.18710
    23.45681
    18.46677
    19.83594
    72.78621
    31.66276
    29.78693
    18.74327
    20.57182
    17.19648
    18.00962
    84.70096
    33.42133
    70.80225
    25.54370
    18.53082
    18.32271
    16.26505
    16.56727
   102.28077
    35.79023
    57.15261
    22.59648
    18.54964
    16.58773
    45.69068
    15.66036
    15.44369
   129.67044
    38.90311
    47.07343
    20.52879
    18.80520
    15.27228
    37.14426
    15.36328
    14.57486
    42.84036
    39.42292
    19.01346
    19.30881
    14.29867
    30.70889
    15.35599
    13.91034
    33.55136
    17.87824
    20.08017
    13.60257
    25.85980
    15.66350
    13.42401
    59.52284
    28.85821
    17.04108
    21.15106
    13.13587
    22.18434
    16.36756
    13.10135
    47.84657
    24.70671
    16.45413
    22.56760
    12.87984
    19.38590
    17.70701
    12.93637
    37.77015
    20.90548
    16.08195
    24.40964
    12.83541
    17.23626
    20.03161
    12.92525
    29.75380
    17.96378
    15.90802
    26.75123
    12.99304
    15.57318
    22.96923
    13.06797
    24.29808
    15.98197
    15.92790
    29.64667
    13.34805
    14.28149
    25.74742
    13.37031
    20.64243
    14.59921
    16.14792
    33.17456
    13.93637
    13.27499
    28.50330
    13.83949
    18.08009
    13.57776
    45.64650
    16.58131
    37.35910
    14.84975
    12.48657
    31.74106
    14.48161
    16.19498
    12.81680
    39.93516
    17.25120
    42.08112
    16.28917
    11.86515
    35.74538
    15.30210
    14.76129
    63.13176
    12.26839
    35.31231
    18.19100
    18.33910
    11.37277
    40.70315
    16.30676
    13.67800
    48.99669
    11.91292
    31.56722
    19.44879
    20.58234
    10.98484
    46.80176
    17.50432
    12.86648
    39.09650
    11.73380
    28.61174
    21.08371
    22.65937
    10.68682
    54.41232
    18.90737
    12.26785
    31.99289
    11.71978
    26.32741
    23.14259
    24.88951
    10.47037
    64.17760
    20.52601
    11.83186
    26.78584
    11.86222
    24.57332
    25.64576
    27.57998
    10.32975
    77.04080
    22.36134
    11.51972
    22.56416
    12.14735
    23.22682
    28.51952
    30.89436
    10.26189
    24.40491
    11.31217
    18.84313
    12.57926
    22.19210
    31.55895
    34.97382
    10.26670
    26.63589
    11.19230
    15.83228
    35.89801
    15.91055
    13.13466
    21.39802
    39.97550
    10.35216
    29.00950
    11.14070
    15.99909
    30.27683
    14.02323
    13.80347
    20.79492
    46.15797
    10.53237
    31.46061
    11.14012
    16.12894
    26.00045
    12.89185
    14.56682
    20.34282
    32.92245
    53.87213
    10.81353
    33.91114
    11.16884
    16.32555
    22.69780
    12.17899
    15.39935
    20.00191
    28.18989
    63.46295
    11.20221
    11.20412
    16.63945
    20.10369
    11.71157
    16.26666
    19.75199
    24.27527
    11.70260
    11.22673
    17.06657
    18.01961
    11.38872
    17.12119
    19.56545
    20.82510
    12.32197
    11.22031
    17.61553
    16.30894
    11.14819
    17.91246
    19.42190
    18.22967
    13.08282
    11.17253
    18.34315
    14.88610
    10.94936
    18.58754
    19.26756
    16.48436
    14.00789
    11.07753
    19.30162
    13.69552
    10.75511
    19.10439
    19.04785
    15.26224
    15.08441
    10.93763
    20.51508
    12.68517
    10.53618
    19.45940
    18.72030
    14.32171
    16.28723
    10.76066
    22.03232
    11.80407
    10.27760
    19.72035
    18.27087
    18.16430
    13.50557
    35.88365
    17.61578
    10.55778
    23.94263
    11.01587
     9.97478
    20.05080
    17.62625
    17.51786
    12.72677
    31.93002
    19.10111
    10.34577
    26.33830
    10.30216
     9.63152
    16.80623
    16.56481
    11.96525
    20.77381
    10.15216
    29.38267
     9.65944
     9.26249
    15.47684
    11.21751
    22.63742
    10.00475
    32.83669
     9.09879
     8.89119
    14.37369
    10.48565
    24.65089
    24.98799
     9.92124
     8.63513
     8.54733
    13.32323
     9.78053
    26.78613
    21.12107
     9.94482
     8.28554
     8.26548
    12.36550
     9.12260
    29.00131
    17.91844
    10.12297
     8.06725
     8.08444
    11.54131
     8.54197
    31.25057
    15.31813
    31.12588
    10.49225
     8.00305
     8.04640
    10.86664
     8.07037
    19.09659
    13.23261
    25.78093
    11.10913
     8.12538
     8.20038
    10.35730
     7.73688
    19.23174
    11.59826
    21.51693
    12.06660
     8.47313
     8.60747
    13.14942
    10.03561
     7.56050
    19.92881
    10.38250
    18.20330
    13.50313
     9.12657
     9.33985
    12.65922
     9.92923
     7.59138
    21.20053
     9.54319
    15.73443
    15.60527
    10.18119
    10.51667
    12.32720
    10.06961
     7.84218
    23.05880
     9.06414
    13.99559
    18.60712
    11.75126
    12.23317
    12.21454
    10.49669
     8.35876
     8.88273
    12.83793
    22.83492
    14.05784
    14.65351
    12.36615
    11.26173
     9.19256
     8.98958
    12.17084
    28.78005
    17.36751
    17.97136
    12.80545
    12.46501
    10.40911
     9.38925
    11.95095
    37.14172
    22.07517
    22.39682
    13.57153
    14.24642
    12.08870
    10.10904
    12.15482
    28.71243
    28.18903
    14.76804
    16.76871
    14.32659
    11.17447
    12.75177
    37.98792
    35.61617
    16.43135
    46.91875
    20.20035
    17.22826
    15.12800
    12.61633
    13.72578
    84.68221
    50.79093
    45.06323
    18.73961
    47.82084
    24.75911
    20.90013
    17.51453
    14.48212
    15.08096
    68.95564
    57.41734
    21.86580
    48.36936
    30.79259
    25.45312
    20.12973
    16.83625
    16.83572
    72.89568
    25.88120
    48.76415
    38.68481
    31.18934
    22.92462
    19.75107
    19.01059
    91.87485
    30.94230
    49.55993
    48.77589
    38.02451
    25.90337
    23.51801
    21.81145
   115.08693
    37.47784
    50.16163
    61.76682
    45.94856
    29.34957
    27.88410
    24.95218
   142.88758
    45.95770
    50.86005
    77.08250
    55.03958
    32.86999
    32.99633
    28.48607
   174.83287
    56.36369
    51.69022
    65.42101
    36.30609
    38.94368
    32.45377
   209.33025
    68.31512
    52.64588
    77.22813
    39.87002
    45.80964
    36.87099
    53.74647
    90.62457
    51.58319
    43.61513
    53.67542
    41.74829
    53.74647
    90.62457
    51.58319
    43.61513
    53.67542
    41.74829
