38.820617 90.743145 -0.000000 -0.000000 
42.910723 85.989063 -0.000000 -0.000000 
40.394299 101.954938 -0.000000 -0.000000 
26.523516 70.384790 0.000000 -0.000000 
37.704098 81.642500 -0.000000 -0.000000 
46.937566 81.011771 -0.000000 -0.000000 
46.620430 100.720780 -0.000000 -0.000000 
43.165795 116.161498 -0.000000 -0.000000 
31.774581 82.382083 -0.000000 -0.000000 
35.737926 72.315002 -0.000000 -0.000000 
42.887062 71.950871 -0.000000 -0.000000 
50.305582 76.201432 -0.000000 -0.000000 
50.728923 93.942583 -0.000000 -0.000000 
48.969732 118.009016 -0.000000 -0.000000 
29.238838 72.672612 -0.000000 -0.000000 
33.696335 64.589305 -0.000000 -0.000000 
40.902956 63.194173 -0.000000 -0.000000 
47.070302 66.811617 -0.000000 -0.000000 
52.825631 71.914688 -0.000000 -0.000000 
53.645424 87.443065 -0.000000 -0.000000 
52.797551 110.867310 -0.000000 -0.000000 
50.912400 134.528385 -0.000000 -0.000000 
26.796843 74.665887 -0.000000 -0.000000 
27.439843 65.688086 -0.000000 -0.000000 
31.792363 58.668888 -0.000000 -0.000000 
38.470294 56.761686 -0.000000 -0.000000 
45.130107 58.325480 -0.000000 -0.000000 
50.060328 62.944384 -0.000000 -0.000000 
54.742862 68.675436 -0.000000 -0.000000 
56.003303 82.703791 -0.000000 -0.000000 
55.976229 104.055109 -0.000000 -0.000000 
54.730357 130.947892 -0.000000 -0.000000 
52.929380 147.297500 -0.000000 -0.000000 
24.848526 68.668584 -0.000000 -0.000000 
25.965065 60.539936 -0.000000 -0.000000 
30.024134 54.280657 -0.000000 -0.000000 
36.026191 52.064519 -0.000000 -0.000000 
42.463861 52.567526 -0.000000 -0.000000 
48.043880 55.104814 -0.000000 -0.000000 
52.145016 60.076710 -0.000000 -0.000000 
57.218791 67.834213 -0.000000 -0.000000 
59.353147 81.683425 -0.000000 -0.000000 
60.479771 102.371591 -0.000000 -0.000000 
60.161430 129.952188 -0.000000 -0.000000 
58.193360 154.570133 -0.000000 -0.000000 
23.432437 64.252288 -0.000000 -0.000000 
24.770211 57.041046 -0.000000 -0.000000 
28.490161 51.377543 -0.000000 -0.000000 
33.842321 48.967910 -0.000000 -0.000000 
39.825561 48.841818 -0.000000 -0.000000 
45.528596 50.337818 -0.000000 -0.000000 
50.389825 53.508181 -0.000000 -0.000000 
54.255101 58.972784 -0.000000 -0.000000 
63.076413 72.458487 -0.000000 -0.000000 
66.672966 87.385395 -0.000000 -0.000000 
69.436852 108.718783 -0.000000 -0.000000 
70.643962 137.167433 -0.000000 -0.000000 
69.407196 167.739964 -0.000000 -0.000000 
65.456325 181.406917 -0.000000 -0.000000 
22.855628 60.097905 -0.000000 -0.000000 
24.925218 54.064705 -0.000000 -0.000000 
28.698236 49.755986 -0.000000 -0.000000 
33.631336 47.829088 -0.000000 -0.000000 
39.123806 47.660868 -0.000000 -0.000000 
44.650267 48.842073 -0.000000 -0.000000 
49.868078 51.383074 -0.000000 -0.000000 
54.652483 55.653417 -0.000000 -0.000000 
59.037221 62.339733 -0.000000 -0.000000 
75.839482 86.546800 -0.000000 -0.000000 
81.326812 105.409264 -0.000000 -0.000000 
85.704809 131.540328 -0.000000 -0.000000 
88.073132 165.896402 -0.000000 -0.000000 
87.301209 203.977905 -0.000000 -0.000000 
82.365553 224.904549 -0.000000 -0.000000 
22.951863 62.803952 -0.000000 -0.000000 
24.890093 58.431435 -0.000000 -0.000000 
28.463460 53.889133 -0.000000 -0.000000 
33.287424 51.317630 -0.000000 -0.000000 
38.938472 50.646082 -0.000000 -0.000000 
45.026652 51.512594 -0.000000 -0.000000 
51.265641 53.832963 -0.000000 -0.000000 
57.505849 57.838640 -0.000000 -0.000000 
63.707942 64.044536 -0.000000 -0.000000 
69.856863 73.245059 -0.000000 -0.000000 
94.884658 110.277739 -0.000000 -0.000000 
100.940356 132.048609 -0.000000 -0.000000 
105.610035 161.128411 -0.000000 -0.000000 
108.303735 198.875727 -0.000000 -0.000000 
108.341972 243.008887 -0.000000 -0.000000 
104.817026 277.655707 -0.000000 -0.000000 
25.433197 70.051430 -0.000000 -0.000000 
28.158747 68.082384 -0.000000 -0.000000 
32.285884 64.243294 -0.000000 -0.000000 
37.589222 61.575389 -0.000000 -0.000000 
43.799094 60.692848 -0.000000 -0.000000 
50.644168 61.456513 -0.000000 -0.000000 
57.895135 63.777319 -0.000000 -0.000000 
65.381771 67.775051 -0.000000 -0.000000 
72.978428 73.779483 -0.000000 0.000000 
80.562246 82.321891 -0.000000 0.000000 

